"","X1","X2","X3","X4","X5","X6","X7","X8","X9","X10","X11","X12","X13","X14","X15","X16","X17","X18","X19","X20","sep"
"1",0,0.333333333333333,0.375,0.4,0.545454545454545,0.538461538461538,0.461538461538462,0.615384615384615,0.111111111111111,0.5,0.416666666666667,0.3,0.25,0.571428571428571,0.692307692307692,0.583333333333333,0.666666666666667,0.3,0.416666666666667,0.454545454545455,"tab"
"2",0.333333333333333,0,0.285714285714286,0.125,0.333333333333333,0.363636363636364,0.416666666666667,0.454545454545455,0.222222222222222,0.454545454545455,0.363636363636364,0.222222222222222,0.142857142857143,0.538461538461538,0.545454545454545,0.4,0.636363636363636,0.222222222222222,0.5,0.4,"tab"
"3",0.375,0.285714285714286,0,0.375,0.375,0.545454545454545,0.583333333333333,0.5,0.444444444444444,0.636363636363636,0.545454545454545,0.444444444444444,0.166666666666667,0.692307692307692,0.6,0.444444444444444,0.7,0.444444444444444,0.545454545454545,0.444444444444444,"tab"
"4",0.4,0.125,0.375,0,0.4,0.272727272727273,0.333333333333333,0.363636363636364,0.3,0.363636363636364,0.272727272727273,0.3,0.25,0.461538461538462,0.583333333333333,0.3,0.545454545454545,0.3,0.416666666666667,0.3,"tab"
"5",0.545454545454545,0.333333333333333,0.375,0.4,0,0.538461538461538,0.571428571428571,0.5,0.454545454545455,0.615384615384615,0.538461538461538,0.454545454545455,0.444444444444444,0.571428571428571,0.454545454545455,0.3,0.666666666666667,0.454545454545455,0.538461538461538,0.3,"tab"
"6",0.538461538461538,0.363636363636364,0.545454545454545,0.272727272727273,0.538461538461538,0,0.230769230769231,0.384615384615385,0.461538461538462,0.384615384615385,0.307692307692308,0.461538461538462,0.454545454545455,0.357142857142857,0.666666666666667,0.461538461538462,0.538461538461538,0.461538461538462,0.533333333333333,0.461538461538462,"tab"
"7",0.461538461538462,0.416666666666667,0.583333333333333,0.333333333333333,0.571428571428571,0.230769230769231,0,0.307692307692308,0.384615384615385,0.428571428571429,0.357142857142857,0.5,0.5,0.4,0.6875,0.5,0.461538461538462,0.5,0.466666666666667,0.384615384615385,"tab"
"8",0.615384615384615,0.454545454545455,0.5,0.363636363636364,0.5,0.384615384615385,0.307692307692308,0,0.538461538461538,0.461538461538462,0.384615384615385,0.538461538461538,0.545454545454545,0.533333333333333,0.642857142857143,0.416666666666667,0.363636363636364,0.538461538461538,0.5,0.416666666666667,"tab"
"9",0.111111111111111,0.222222222222222,0.444444444444444,0.3,0.454545454545455,0.461538461538462,0.384615384615385,0.538461538461538,0,0.416666666666667,0.333333333333333,0.2,0.333333333333333,0.5,0.615384615384615,0.5,0.583333333333333,0.2,0.333333333333333,0.363636363636364,"tab"
"10",0.5,0.454545454545455,0.636363636363636,0.363636363636364,0.615384615384615,0.384615384615385,0.428571428571429,0.461538461538462,0.416666666666667,0,0.0909090909090909,0.416666666666667,0.545454545454545,0.307692307692308,0.642857142857143,0.538461538461538,0.5,0.416666666666667,0.5,0.538461538461538,"tab"
"11",0.416666666666667,0.363636363636364,0.545454545454545,0.272727272727273,0.538461538461538,0.307692307692308,0.357142857142857,0.384615384615385,0.333333333333333,0.0909090909090909,0,0.333333333333333,0.454545454545455,0.357142857142857,0.666666666666667,0.461538461538462,0.538461538461538,0.333333333333333,0.428571428571429,0.461538461538462,"tab"
"12",0.3,0.222222222222222,0.444444444444444,0.3,0.454545454545455,0.461538461538462,0.5,0.538461538461538,0.2,0.416666666666667,0.333333333333333,0,0.333333333333333,0.384615384615385,0.615384615384615,0.5,0.692307692307692,0,0.333333333333333,0.5,"tab"
"13",0.25,0.142857142857143,0.166666666666667,0.25,0.444444444444444,0.454545454545455,0.5,0.545454545454545,0.333333333333333,0.545454545454545,0.454545454545455,0.333333333333333,0,0.615384615384615,0.636363636363636,0.5,0.727272727272727,0.333333333333333,0.583333333333333,0.5,"tab"
"14",0.571428571428571,0.538461538461538,0.692307692307692,0.461538461538462,0.571428571428571,0.357142857142857,0.4,0.533333333333333,0.5,0.307692307692308,0.357142857142857,0.384615384615385,0.615384615384615,0,0.6,0.5,0.571428571428571,0.384615384615385,0.466666666666667,0.5,"tab"
"15",0.692307692307692,0.545454545454545,0.6,0.583333333333333,0.454545454545455,0.666666666666667,0.6875,0.642857142857143,0.615384615384615,0.642857142857143,0.666666666666667,0.615384615384615,0.636363636363636,0.6,0,0.363636363636364,0.692307692307692,0.615384615384615,0.571428571428571,0.5,"tab"
"16",0.583333333333333,0.4,0.444444444444444,0.3,0.3,0.461538461538462,0.5,0.416666666666667,0.5,0.538461538461538,0.461538461538462,0.5,0.5,0.5,0.363636363636364,0,0.583333333333333,0.5,0.333333333333333,0.2,"tab"
"17",0.666666666666667,0.636363636363636,0.7,0.545454545454545,0.666666666666667,0.538461538461538,0.461538461538462,0.363636363636364,0.583333333333333,0.5,0.538461538461538,0.692307692307692,0.727272727272727,0.571428571428571,0.692307692307692,0.583333333333333,0,0.692307692307692,0.538461538461538,0.454545454545455,"tab"
"18",0.3,0.222222222222222,0.444444444444444,0.3,0.454545454545455,0.461538461538462,0.5,0.538461538461538,0.2,0.416666666666667,0.333333333333333,0,0.333333333333333,0.384615384615385,0.615384615384615,0.5,0.692307692307692,0,0.333333333333333,0.5,"tab"
"19",0.416666666666667,0.5,0.545454545454545,0.416666666666667,0.538461538461538,0.533333333333333,0.466666666666667,0.5,0.333333333333333,0.5,0.428571428571429,0.333333333333333,0.583333333333333,0.466666666666667,0.571428571428571,0.333333333333333,0.538461538461538,0.333333333333333,0,0.333333333333333,"tab"
"20",0.454545454545455,0.4,0.444444444444444,0.3,0.3,0.461538461538462,0.384615384615385,0.416666666666667,0.363636363636364,0.538461538461538,0.461538461538462,0.5,0.5,0.5,0.5,0.2,0.454545454545455,0.5,0.333333333333333,0,"tab"
